 -0.00257589833661183  0.00980504629711106  0.02056102820144835  0.03156256320000048
  0.04253500657014463  0.05331001599125839  0.06412719632704976  0.07440182043976554
  0.08463710232332602  0.09475292918754023  0.10478644119372607  0.11465409827158217
  0.12470386050232786  0.13488202405069052  0.14505010012234951  0.15511950924675755
  0.16522399054780615  0.17552970607999857  0.18577759070176614  0.19609409645623879
  0.20643152351653252  0.21647676809961561  0.22636208237144156  0.23632219588220413
  0.24635571260569564  0.25670791021403006  0.26714923041725164  0.27792925918691075
  0.28864133061903868  0.29928725996517747  0.31001659620959165  0.32076871029321136
  0.33162617701588276  0.34216064312739125  0.35271807378931053  0.36329597824604820
  0.37381593860058071  0.38433655783111720  0.39474972167686700  0.40540415120019346
  0.41622296060200664  0.42691173798678550  0.43768344803919657  0.44844126365903647
  0.45912408447500147  0.46978770603997622  0.48064556344553483  0.49191027717691715
  0.50311587736153762  0.51393754763484423  0.52476594228938178  0.53560433701977739
  0.54655873527869381  0.55743601447884450  0.56818459051334902  0.57870633971440633
  0.58935231360805640  0.59994061728225434  0.61048663704454598  0.62105156329782552
  0.63173860083202138  0.64253306618580863  0.65324344489270436  0.66407196595264506
  0.67473533870790825  0.68535004734944260  0.69572872849493983  0.70612038238777508
  0.71669171518104391  0.72733031034022333  0.73806822862663679  0.74874586616971162
  0.75919181974871208  0.76946089002417062  0.77938539168715104  0.78937426489140239
  0.79946557535614071  0.80940466702832847  0.81942467233894545  0.82957077515317634
  0.83983602201765595  0.85014976666619713  0.86025619484306537  0.87044969403875661
  0.88065960151094580  0.89102097658280199  0.90148924831632926  0.91204759283543202
  0.92268175496837845  0.93353743153309698  0.94435590809872161  0.95521121175443402
  0.96631311321703506  0.97756501465082601  0.98875727356142551  1.00000000000000000
 -0.00240046216135537  0.00920281077416285  0.01919957555605352  0.02966493034794446
  0.04018662348902981  0.05094398038022441  0.06182500565654421  0.07265747703403347
  0.08356749851406524  0.09418213569653973  0.10473170658667190  0.11532095424458443
  0.12596798089224817  0.13665081310931976  0.14732732330947876  0.15805955631992100
  0.16855094297589407  0.17904585672719547  0.18952532731275853  0.20025776251427330
  0.21072902185647011  0.22113184495200816  0.23169719986712825  0.24238670985209113
  0.25314833132477366  0.26411542860812415  0.27508114915017573  0.28593067114406401
  0.29651652452772626  0.30697492721670522  0.31747767341698219  0.32785666779653017
  0.33823411245313145  0.34853651112173573  0.35907093756319913  0.36987205067108203
  0.38069277109924171  0.39151776592327675  0.40225184141266579  0.41279823375760860
  0.42308898344886053  0.43323371747060252  0.44356838426153283  0.45376709572297408
  0.46404414578200337  0.47434079018400549  0.48474831998566681  0.49532849258763151
  0.50584983324498933  0.51652248173618720  0.52733611521271606  0.53823531247239953
  0.54897655251955757  0.55956927901819398  0.57001183061782656  0.58023128342362451
  0.59039877641163396  0.60052479349025512  0.61089283536030481  0.62128719537046906
  0.63173333497250084  0.64225134549549456  0.65277554356417833  0.66332238745487881
  0.67377519677087339  0.68423511208745802  0.69477328370560087  0.70555844433124260
  0.71647951342179650  0.72743509944252327  0.73833244649589336  0.74912155636896760
  0.75961811463619078  0.76991260970492648  0.77993469000077509  0.79004010977216277
  0.80022500366019300  0.81038855851639802  0.82101762519031973  0.83175654634626361
  0.84302047628461785  0.85425911936145571  0.86528987943973124  0.87617613601574129
  0.88648620366891184  0.89680729160181138  0.90699799567502248  0.91725510951629929
  0.92729323517821416  0.93728719209248079  0.94787908598161796  0.95838351545217770
  0.96862588158363205  0.97869923087778266  0.98927765788298461  1.00000000000000000
 -0.00265568193968024  0.01705830517796673  0.03194466282453123  0.04462574523943522
  0.05604819681221479  0.06669025728145545  0.07679820621015100  0.08649629703948158
  0.09586643993401435  0.10495067346626689  0.11377324702554271  0.12248150277705892
  0.13108674353033067  0.13954623422133700  0.14780153796849005  0.15586743231069355
  0.16384358770534552  0.17167884706678713  0.17944010026223295  0.18716881792801995
  0.19473436612020600  0.20239115650675038  0.21002930140254850  0.21757849504664881
  0.22505028011771611  0.23241353735753967  0.23972602196233364  0.24700970543674050
  0.25426509959720756  0.26145320163114527  0.26860926961391191  0.27581535675393398
  0.28308373884480925  0.29035727304666997  0.29759255654728617  0.30479500290539496
  0.31199346570951042  0.31923096061329964  0.32650928155577003  0.33375704374952558
  0.34081193482787864  0.34784821219999879  0.35494338338167036  0.36214278394687888
  0.36942405044081211  0.37674845928695178  0.38413793113867339  0.39156798137742160
  0.39903009169258818  0.40649731881743867  0.41397100564490874  0.42137333536203730
  0.42870251889301947  0.43611543853095569  0.44356590131166618  0.45103362375876971
  0.45856513286296957  0.46634461902600677  0.47421249323757803  0.48210733774505210
  0.49003153848440634  0.49800862709782434  0.50619912951667900  0.51459041171038478
  0.52304534721048623  0.53155808158763873  0.54016365288884127  0.54900930804619963
  0.55786748598147662  0.56673737750828335  0.57569175894470370  0.58472166222093802
  0.59386127017184764  0.60306557705995079  0.61254666658383961  0.62228531912053098
  0.63232631876331247  0.64251765987634557  0.65295281498863533  0.66366517497365440
  0.67479511648195289  0.68628363704668960  0.69816295376233473  0.71041518177330121
  0.72313361439164114  0.73629568742878115  0.74995697932789451  0.76420005641468158
  0.77937096199112610  0.79590303101728699  0.81412238614518029  0.83445216404785061
  0.85727867234397648  0.88400593817012119  0.92309472870576403  1.00000000000000000
 -0.01894713263173833  0.10772806129634789  0.14393028443902184  0.16597107757927299
  0.18326980157926756  0.19821545290572518  0.21146195880610213  0.22349054555999567
  0.23464964670961636  0.24516970123836324  0.25490369696389054  0.26425217897242215
  0.27334592911009620  0.28221840091891265  0.29071674856853907  0.29880730971272040
  0.30662566656349405  0.31420147803782073  0.32149481983803024  0.32862539977288824
  0.33562455181340384  0.34249862959019939  0.34935947207726153  0.35611001202506032
  0.36271298813503516  0.36920243093603156  0.37563683614247190  0.38201814501211795
  0.38831698086339916  0.39451744919847437  0.40060950404087803  0.40662530088607840
  0.41263986415896636  0.41861077621836890  0.42440295999808847  0.43020553927225846
  0.43593519658106628  0.44163083458423641  0.44732120274475712  0.45300147505419092
  0.45869359752682054  0.46431541805104809  0.46984487788452367  0.47534956829124808
  0.48084837643024508  0.48639105207521405  0.49197192598389838  0.49760669412918906
  0.50325842939499299  0.50887345353719537  0.51444656640582842  0.51996848818607300
  0.52547811263603583  0.53102720483967369  0.53661203432593074  0.54219950450738075
  0.54777793084448045  0.55334853953747876  0.55894724706987453  0.56468555382541374
  0.57050224322143483  0.57635851001111060  0.58217874617480625  0.58803121556240856
  0.59399317245076699  0.59999373099969711  0.60609337745528791  0.61224589641775073
  0.61844792302510054  0.62475734870108834  0.63117178781027228  0.63762856795948097
  0.64410367559084003  0.65064948319139859  0.65734803365740757  0.66417906305826435
  0.67118923044940138  0.67838352739503427  0.68570922723445882  0.69336468270975149
  0.70115643052225063  0.70909402267109944  0.71731537957554725  0.72579509440260903
  0.73481859941129779  0.74431582046100786  0.75423687059594546  0.76477268256765651
  0.77609311925614355  0.78842521812734123  0.80191024719159443  0.81699366034378418
  0.83451387271937760  0.85633107156690491  0.89097174319107419  1.00000000000000000
   3.6827113333336419E-004  -1.0000000000000000     
 F F F F F F F F F F F F F F F F
