import numpy as np

a = np.array([
    [84.018773554312588, 78.309924089757885, 91.164737788917222,
     33.52227630516014, 27.77747168825876, 47.73970623105108,
     36.478448077554589, 95.222974601528975],
    [63.571174187313936, 14.160255845492836, 1.630057198108521,
     13.723157978948011, 15.66790926831758, 12.979044962205998,
     99.892453986610192, 51.293240563047839],
    [61.263984600394622, 63.755228165653975, 49.358299779332427,
     29.251679081507305, 52.674499074172211, 40.022863084961394,
     28.331475220579101, 80.772453768680705],
    [6.9755277758582181, 52.599536173407799, 19.221385020123087,
     89.023262203259662, 6.4171322193100799, 45.770174729157418,
     23.827995939060955, 90.22080932306072],
    [26.666575521228662, 37.520698458418963, 51.253537535746489,
     53.160644579544169, 43.763760617310417, 93.080981573037391,
     28.429340927213602, 63.997883057174455],
    [68.7861405321093, 44.010453723604691, 82.920111147763834,
     22.896817605498828, 35.036018621981562, 95.646827384386086,
     65.73040539168727, 43.955992911889993],
    [39.843667537204944, 68.421854024868921, 48.249066721627116,
     95.025239494262024, 14.766001798570196, 64.108061034785081,
     61.959649750060954, 78.600211521987873],
    [44.703358898759461, 18.753311364054188, 55.644376748674588,
     16.960708989814869, 10.317119069035032, 49.544407743090566,
     98.475168657865424, 68.444503185030143]
])

b = np.array([
    [39.438293545058968, 79.844005095079652, 19.755137361700921,
     76.822961162543919, 55.396996791966188, 62.887093852544439,
     51.340092143194944, 91.619508805562006],
    [71.729694513150179, 60.696888954122862, 24.288677594557647,
     80.417677182726791, 40.094440302128504, 10.880880440716753,
     21.825691008769521, 83.911225305748545],
    [29.603162417631502, 52.428720154137615, 97.277504517380251,
     77.135771467591184, 76.991385312558378, 89.152947151726792,
     35.245835497882268, 91.902649407893037],
    [94.932709614173532, 8.6055849739667387, 66.322694152355808,
     34.889294288440666, 2.0023049302914351, 6.3095839707460399,
     97.063415292205264, 85.091980539455577],
    [53.976035253540466, 76.024875300561078, 66.772377539926268,
     3.9280344213105982, 93.183507664505569, 72.095235884455647,
     73.853433106543861, 35.404868749637949],
    [16.597416995408022, 88.007525552232394, 33.033713691690124,
     89.337243413640039, 68.666992334656243, 58.864014607608645,
     85.86763447227257, 92.396980912915936],
    [81.476691416875084, 91.097205072951425, 21.582496369238861,
     92.01282738550367, 88.106218878691323, 43.195342772349925,
     28.105941856785311, 30.745788046996029],
    [22.610663010418332, 27.623467811349059, 41.650128969553016,
     90.680395370656143, 12.607534185592849, 76.047524507288443,
     93.500400701546681, 38.318833959896132]
])

r = np.array([
    [22228.700498248014, 28796.399149280307, 22838.545542204989,
     37319.090869034691, 25161.25090468788, 28104.838788428675,
     28569.068473592426, 35664.452716375366],
    [15233.671943899841, 18989.043272292809, 8435.7440914935705,
     21690.722391728461, 16041.42839736198, 14492.987335011228,
     14837.395446290542, 15120.815665783721],
    [18869.503332927859, 23939.845053343892, 18315.263424822439,
     28375.165727539083, 20979.970455886654, 22651.250555669245,
     24791.143673734576, 27517.102538128489],
    [18155.701474767935, 14702.289098731279, 15401.868647575677,
     23842.356269562755, 11131.232720056356, 14333.531360486249,
     24334.015077068943, 23040.438272614891],
    [17977.444659025845, 23427.829951158605, 19225.820483306034,
     27780.87248747754, 20815.453284670588, 21719.241755934498,
     27162.015872383861, 28301.725381366803],
    [20325.98461243706, 30991.217116250278, 20761.082677682782,
     34734.967862456448, 28183.093994553226, 26679.752751820426,
     26394.892242863905, 33347.236199557105],
    [25615.081982706277, 25261.792857135322, 21159.513422824912,
     34214.147253829113, 21083.628350498031, 21643.19474146155,
     30148.89782336355, 33274.968111302871],
    [17315.761972934139, 23777.008737723245, 15178.036859544522,
     29560.501357927136, 21449.075502595952, 21202.093634688987,
     20495.417029290184, 22819.839246067255]
])


print(np.matmul(a, b))
print()
print(r)
